100026
100027
100028
100029
100032
100035
100036
100039
100042
100045
100069
100070
100071
100072
100074
100075
100076
100078
100079
100080
100081
100108
100109
100110
100111
100112
100114
100116
100117
100118
100119
100120
100121
100124
100125
100126
100127
100128
100129
100130
100131
100132
100133
100135
100137
100138
100139
100140
100141
100143
100144
100145
100147
100148
100149
100150
100152
100153
100154
100155
100156
100157
100160
100163
100164
100167
100169
100170
100173
100174
100176
100177
100197
100201
100202
100207
100208
100211
100212
100218
100219
100220
100221
100223
100224
100227
100231
100232
100233
100234
100235
100236
100237
100238
100244
100245
100246
100248
100249
100251
100252
100253
100255
100257
100267
100269
100270
100276
100277
100278
100279
100280
100282
100283
100284
100285
100286
100288
100289
100290
100291
100292
100293
100295
100297
100301
100302
100303
100304
100305
100307
100311
100313
100316
100317
100318
100319
100320
100323
100324
100327
100328
100335
100336
100342
100353
100354
100355
100356
100360
100361
100364
100368
100372
100373
100374
100375
100376
100377
100378
100379
100381
100383
100387
100388
100391
100396
100399
100400
100403
100406
100407
100408
100409
100410
100411
100412
100414
100415
100417
100418
100423
100426
100429
100431
100432
100433
100442
100443
100444
100445
100446
100447
100448
100451
100454
100455
100456
100459
100460
100461
100462
100463
100464
100465
100469
100470
100472
100477
100478
100480
100481
100482
100483
100484
100488
100494
100496
100497
100498
100499
100502
100503
100508
100675
100684
