282.0 100026
563.0 100027
331.0 100028
412.5 100029
225.0 100032
225.0 100035
235.0 100036
277.0 100039
1038.0 100042
270.0 100045
280.0 100069
262.0 100070
326.5 100071
334.0 100072
307.0 100074
201.0 100075
239.0 100076
527.0 100078
402.0 100079
208.0 100080
288.0 100081
237.0 100684
447.0 100108
358.0 100109
335.0 100110
429.5 100111
412.0 100112
382.0 100114
499.0 100116
218.0 100117
602.5 100118
234.0 100119
275.5 100120
250.5 100121
244.0 100124
274.0 100125
425.0 100126
352.0 100127
453.0 100128
276.0 100129
245.5 100130
281.0 100131
246.0 100132
347.0 100133
327.0 100135
230.5 100137
394.5 100138
330.0 100139
270.0 100140
250.0 100141
454.5 100143
348.5 100144
272.0 100145
220.0 100147
282.5 100148
209.0 100149
200.5 100150
332.0 100152
254.0 100153
216.0 100154
443.0 100155
644.0 100156
460.0 100157
252.0 100160
309.0 100163
228.0 100164
226.0 100167
317.0 100169
305.0 100170
293.0 100173
214.0 100174
218.0 100176
229.0 100177
458.0 100675
220.0 100197
240.0 100201
378.0 100202
240.0 100207
234.0 100208
237.0 100211
300.0 100212
294.0 100218
308.0 100219
423.0 100220
507.0 100221
360.5 100223
433.5 100224
215.0 100227
407.0 100231
370.0 100232
416.0 100233
355.0 100234
399.0 100235
316.0 100236
330.0 100237
356.0 100238
210.0 100244
322.0 100245
279.0 100246
240.0 100248
303.5 100249
278.0 100251
285.5 100252
270.0 100253
203.0 100255
222.0 100257
300.0 100267
544.0 100269
350.0 100270
529.0 100276
567.5 100277
331.5 100278
270.0 100279
645.5 100280
411.0 100282
384.0 100283
464.0 100284
389.5 100285
508.0 100286
345.0 100288
438.0 100289
469.0 100290
466.0 100291
470.0 100292
462.0 100293
201.5 100295
293.0 100297
307.0 100301
375.0 100302
272.5 100303
496.0 100304
389.0 100305
208.0 100307
320.0 100311
389.5 100313
788.0 100316
204.0 100317
676.5 100318
539.0 100319
473.0 100320
267.0 100323
492.0 100324
231.0 100327
342.0 100328
654.0 100335
411.0 100336
252.0 100342
370.0 100353
438.5 100354
374.5 100355
279.0 100356
561.5 100360
434.0 100361
445.5 100364
208.0 100368
316.0 100372
328.0 100373
282.0 100374
312.0 100375
348.0 100376
352.0 100377
352.0 100378
268.0 100379
246.0 100381
332.0 100383
275.0 100387
224.0 100388
309.0 100391
272.0 100396
310.0 100399
222.0 100400
209.0 100403
203.0 100406
203.0 100407
266.0 100408
339.0 100409
203.0 100410
359.0 100411
300.0 100412
277.0 100414
321.0 100415
316.0 100417
269.0 100418
343.0 100423
273.0 100426
509.0 100429
220.5 100431
236.0 100432
249.0 100433
294.0 100442
236.0 100443
398.5 100444
424.0 100445
362.0 100446
425.0 100447
350.0 100448
616.0 100451
490.0 100454
498.0 100455
636.0 100456
426.0 100459
472.0 100460
407.0 100461
344.0 100462
391.0 100463
236.0 100464
260.0 100465
636.0 100469
1250.0 100470
505.0 100472
320.0 100477
640.0 100478
334.0 100480
385.5 100481
384.0 100482
229.0 100483
246.0 100484
230.0 100488
618.0 100494
528.0 100496
428.0 100497
1312.0 100498
392.0 100499
206.0 100502
324.0 100503
Unused 283
55.7%
